bi_nucleotide_distribution:
  AA: 66.66666666666666
  AC: 0.0
  AG: 0.0
  AN: 0.0
  AT: 11.11111111111111
  CA: 0.0
  CC: 0.0
  CG: 0.0
  CN: 0.0
  CT: 0.0
  GA: 5.555555555555555
  GC: 0.0
  GG: 0.0
  GN: 0.0
  GT: 0.0
  NA: 0.0
  NC: 0.0
  NG: 0.0
  NN: 0.0
  NT: 0.0
  TA: 11.11111111111111
  TC: 0.0
  TG: 5.555555555555555
  TN: 0.0
  TT: 0.0
chromosomes:
- chr1
- chr2
length: 20
nucleotide_distribution:
  A: 80.0
  C: 0.0
  G: 5.0
  N: 0.0
  T: 15.0
